7497872
4570474
11921390
2
1106159
12777395
430778
13514464
5916386
11414049
2961543
26637
2772705
352633
376565
1796193
6192480
13385246
9478488
3632893
10559118
10092492
1834
65667
13232121
4329032
174019
3777
90397
8111280
657687
14051
13466456
2219209
10273666
11782278
402322
7461803
590959
7851868
7967473
263920
306552
346331
1778096
758541
13549157
11398952
211
1022326
2005136
1988342
413037
5703668
1638158
2802675
7905828
10018958
385961
57905
573096
1640360
3587540
1440206
6289281
13354848
2229150
4197428
13563265
11471275
8701620
5805915
1320915
13008959
3742877
5587722
62881
1
5263631
281581
12498137
9274653
195051
2735362
16660
4680915
410669
6991619
83318
10170832
4637512
6117057
8707458
12395496
13385374
2278602
5714784
4896931
12241220
13516385
13469747
7755657
424694
5703668
12304601
698577
13540368
13557840
9311271
52158
11936171
11236019
117
13550725
6601413
13248252
8313489
4288182
13324490
200
4064304
6586297
2424778
3297446
12878193
11145058
240065
14
11087510
5509079
4588256
1985280
13544775
13233861
8827700
427090
13489338
952712
11265822
272083
13082
28383
2210514
3590259
7629057
84308
12814397
3263973
168875
116548
1046480
13557556
219597
873092
286208
4232134
1811153
4755791
13472336
975141
72599
5417
11365779
621356
13373983
230950
3552029
0
13515909
12412872
0
2998877
8558555
12151312
7522513
581449
788223
7934005
1731744
1969259
9399713
11118948
5923331
1199699
2493
537644
8388104
256623
684492
9134503
4189467
11838545
3820064
7360
8656817
12733143
3077417
1589825
18337
699940
348261
3932696
370733
122046
35012
12864805
467
9824342
97672
479345
7716636
90
13472926
283008
13097759
72008
2725183
2385404
4491781
933535
60795
724405
11042113
414
13542041
1570
4882215
1711307
8564918
5250
12989880
6857905
7461803
1559265
361349
197707
3406756
10229202
1295379
4175662
9769432
6428828
1085160
12035450
1311826
1297
13558251
116
13528251
13144489
206852
13372150
966304
171111
4781665
2671109
3895920
9654509
3070
5943972
665708
1355160
1245518
916334
1519571
8553471
11160848
9722766
2424778
3059391
475008
11418
11072710
1874961
10073564
213854
13129925
897331
10863931
401198
5087863
102823
2236932
9576208
344892
12395062
2498067
2510809
10876154
7399173
6783699
10570194
7585340
4051393
303526
12524064
75140
7104948
19183
32505
13348166
11838545
12204191
13485381
5845793
4528953
10929460
223827
1310512
13161358
6191589
3090014
9429382
4615770
10543115
11329750
1275636
46321
11160848
241873
3966743
318861
2368358
5523291
659574
11411900
1621979
13522773
12655600
11137989
4945615
931835
37981
4390736
12173130
3605227
10444881
8793547
9345911
1099047
2920680
12360225
5130310
13260601
62531
4103928
12624617
13254801
692390
11936171
12144957
61872
1856209
556601
13538169
1807046
154945
7141500
5765895
2041650
1975745
98
10640003
8252492
187183
9714763
1109240
1559265
12977296
6923174
5543109
162769
2379148
13416581
156284
2723032
2175022
6433678
3651594
3845795
1016420
3753783
9821
12425974
9359211
16270
3244826
28
0
12387379
2133694
13432865
3322414
13410091
53131
643532
9950906
4453876
12900573
13377172
13624
51082
145345
13228500
6117057
1103
12401196
0
5035898
1054854
370733
10334799
0
953538
13404755
789695
82351
5262847
2817954
2610721
6120
13243791
10186861
5770126
14
13408694
13225127
4075571
222355
4593441
13403515
1375890
3201656
4283756
10325421
2910628
5454444
7183464
13348133
55375
13181493
1177835
6566246
5033284
946437
633548
1811
455116
3906458
12321504
9637358
5916386
3587540
10621
328505
2533
11049326
18129
3175777
599361
228644
9339182
1099516
2114756
2417690
794791
8035487
202701
855333
1391
3017168
1169343
12568692
11185760
2620279
6201525
11928401
2482917
12422545
3084691
142285
13466329
216
1185091
2003
117
1396815
747297
389148
141169
2398559
547826
3165601
2096784
958314
1873191
65223
13431155
10932432
2467754
6176112
312585
10298
65667
3577608
220928
201632
3659669
414845
2989421
19593
10264231
3979022
5259220
13446697
6306205
2075668
6074314
12810
7296927
0
8607893
1886668
7302830
370386
154085
1193984
215382
12868404
1968184
5049202
13550329
3433821
3657013
2974218
33479
356
456299
13116917
11264222
7489449
13137654
12654080
1915712
1892398
37981
7625282
250033
5996573
599361
77787
13435561
415326
5547499
98843
13563265
1450659
4171750
3612179
4931926
11911494
615
12972681
556601
11730552
1562202
84
3031809
4223131
13423836
1844501
4389644
667
652055
2070670
1320130
3333121
496000
8167872
134615
11956789
11106662
6527144
8712195
1001180
5561750
12025034
2333586
351756
2964466
2626726
2675339
1584880
10028010
6669684
788087
284725
3445
22075
9344608
8619038
7364232
192
4662471
2539602
9009
2704641
10997451
5052658
62318
9661184
8832395
13481356
60795
10468286
296495
13081810
74468
5368942
9901433
389819
1734064
1278304
21380
13010985
12974360
1359561
19268
26771
69234
1356
39280
6387860
6662950
145
1620356
78067
9867699
257903
8438866
12608605
12223892
12526803
2539602
994949
10852044
214
2163433
1943219
13505101
9399713
13151229
10415226
306566
340430
11365012
5896344
600432
13113190
11739779
13560424
3
47719
373538
9568591
8424172
1556480
8796223
11617228
32224
3587540
13116335
9735913
10009627
525752
199043
230313
596323
11744164
8035487
9990056
4187740
159
5367144
136391
856
10677493
18092
2923211
13054096
340430
57905
1603714
11842195
4500254
5312638
7295800
10388627
348732
13158180
234857
1109240
5482133
720304
12380521
3471
994949
11329750
388156
85172
1302081
6580697
152470
9095674
13542185
12767325
68790
11456124
2210514
13540655
388651
15639
9877338
331769
3317173
10688971
13164830
1690654
12965595
7442102
13349870
1727032
1892909
11072710
13459222
346683
8775880
8762933
9877338
9855624
12344614
13202869
9886849
140725
2247835
10842639
13415778
6752408
4256908
13469747
1427872
13530746
509718
0
13425502
10896243
458826
6528434
23443
13319454
13558553
6124378
1251357
339
12813
3881289
908615
5433
60795
2615629
1616012
266117
13466456
6211800
2171615
3204107
9690599
3017168
1369570
70476
753211
13507912
13457638
33545
1748225
211135
34332
6123584
4602178
1000432
2645385
74360
1760539
7175983
13349098
237115
4949050
8563155
3759262
5464108
10673087
6761746
9523237
13140424
10789430
327
206657
67023
12690509
225520
2600847
101293
1179692
1988342
9849
12619643
96121
2895
11099004
1134275
1302081
1264846
7175983
7421112
1326852
2723032
9312991
9133097
13131558
4122818
666176
6123584
13254801
4616337
5065064
0
5433
11691748
13321538
4760461
2851054
2747
1016823
640814
4835982
1242361
5101926
3642788
6728
1912452
2168086
6099335
6096730
13518061
13028772
3398304
11095457
2704641
8956443
2835763
13208866
2747852
4909387
1287879
1094496
253825
12710608
7687155
813006
7695784
6898528
8013
8701620
268807
13466443
11169426
4698025
243585
10471171
7111626
308709
13445389
3029759
13407208
104745
2989421
13352395
1359561
10231534
3570483
6910093
2945629
12790906
11983878
13116335
272894
371654
553298
12938945
1151944
2027404
3157580
5232414
19941
10273666
5314557
2905364
6939170
9910197
7946039
12351003
2232390
617635
1737974
11515925
4600798
1712
12343322
13478819
4825229
12972681
238309
8047717
1815716
590597
2611924
13385374
1737880
3946
145345
1993960
169
6950667
73498
13383507
12031233
11562920
11142387
1974734
12437421
596151
1141
4835982
481629
58474
10620453
2432076
5572328
5841195
12864670
12562370
12343322
6889653
600432
6502862
13213568
13270881
6696133
20798
12794946
12864699
82625
11018867
859517
1092020
12534896
9269045
1963113
11912
5085608
290703
5547499
1621863
150200
517310
119606
2127874
10137936
13
6433678
546131
11431122
671511
6877751
507134
361292
4281169
13558432
962040
12901039
1968184
8511745
13065560
1054854
811353
991633
3831209
79220
37
13349098
12167
2377425
3260327
3
1874
6823362
6484669
7241778
201026
4075571
2545585
2603
4203473
12363774
6395589
463878
1545102
1429281
206657
7576
12845752
2059054
13110899
9816177
48
9867699
3371820
12946693
12590481
9265993
0
12793358
7012846
9886849
4997562
600
179418
11514452
6857905
13560611
12793358
10620974
5345
313040
177513
5896344
10018958
13239705
1755320
13179534
154
6428828
20
4781665
10974045
95316
12252643
5649352
40962
1434
12846512
13191663
3670445
7799192
8425829
8545626
12252643
9479417
5934084
346683
3865695
11754822
175552
4635871
1336240
2115
13505101
2976930
8041958
114821
9243522
2090554
863985
134594
510734
5405803
1549333
547826
80256
13554270
44960
2755
7132948
13292027
1329934
406745
3980105
12866970
6856874
12778918
1548160
686817
1960477
10789430
12877002
13011646
5534771
376349
5171156
13416631
464101
382664
239407
12526067
1320957
1633943
271750
13233553
10190330
184776
883232
47239
9867699
3041636
12370875
5043418
8701873
1443106
12035450
12828554
3793768
13493106
102683
1023518
12676412
4240
13233553
4373527
12710608
13546745
1507270
1525097
44
3379378
2623927
3726906
2140336
308
11739779
13432669
4358
3433821
10495917
6071651
6527144
7899
948287
11010542
1293695
6308635
809519
634800
5061872
39510
4160721
72775
5506780
9950906
12981338
96665
544
3719244
3343
129150
12158260
11491174
24246
637303
2911759
321315
165052
242754
67143
1327527
7424267
2853605
4885732
11401907
84
3427965
9507138
4879361
238
1355244
49591
13093896
2467
10315552
3397657
11611403
897331
1420234
479345
3021383
46321
10910569
9080622
5719209
3235353
3107748
8676802
97421
3419
11617228
1480453
124022
4688461
11782278
6527144
896166
12716936
1901737
831916
1520275
171826
10051514
1307686
1080588
2210772
380
8712195
11642847
4712516
13504901
6114
2471989
17959
5292145
494110
4406595
12673725
7204823
9606973
10920003
246350
1592231
13190543
258660
10300355
54277
382664
13154355
55375
2936291
7155
10427780
33012
1254649
18860
7436038
8228
12526067
13008959
10559118
13328345
30765
1379182
2443466
1371656
9867699
11329750
236083
1293457
7639327
1265207
23105
24072
12730502
876318
5337715
6067284
1475818
3171210
12217248
316429
333975
801918
8494808
13093317
13484028
12810
500914
8533099
2451622
9692338
3333121
13540846
2621184
5246732
12208738
27659
3382627
6154523
1448281
8490377
11068590
13279195
77768
23008
9001491
1237
7860113
13418703
1378723
5691861
675552
9829870
9522130
622319
723718
29912
9340954
39307
13500306
128257
392123
877442
8252299
13391058
8252299
2175022
13514447
13010985
495
3898
3726532
174173
13278853
1695892
4290000
7384511
970246
4738
3313432
12602270
8361987
1387819
559436
13551064
4072766
48
3535873
510774
8324808
12689571
1877414
442987
349922
1098993
7345482
7141500
6877751
12359050
2210514
13553742
276413
7343260
224286
9916295
13471609
99921
10047817
2558062
8676802
2318160
50333
12173130
1042247
72775
747522
27843
174173
120909
12330918
380051
788587
10027025
12458325
4500665
9679831
9152730
13154508
12482574
9857174
2120038
11300046
12897438
12119487
80813
905207
699940
1552363
2497571
6102304
10789430
2210514
2630017
2156001
957012
109382
551924
7948111
13483231
4812881
22714
4178760
27808
6608446
10932432
8901203
9505432
96729
861
13503285
11971487
7330919
986551
13473070
2576468
6316570
10828270
7111626
11490
120879
3094917
13324490
604993
672339
6267959
5261512
109543
11914811
11016124
4397039
6208163
2577678
13412002
37320
18860
9387256
12077439
42271
5222096
21024
1019575
4368788
9111473
3915553
12823344
13535459
5149154
5668012
79790
13349870
3855474
4500
3612345
67402
10883058
38092
3793702
12300458
507134
11793701
10417606
775669
21380
13423836
7495201
1702350
7360672
8918935
124446
12739954
6415101
1680616
3433821
13011656
1612257
9075522
13280868
172130
3518266
3031809
10073564
3647800
6274231
7967473
10002365
12499337
5972344
62968
1498024
3406816
2282961
286355
1103
795029
2082894
32812
5908225
1162176
9083133
5287126
2017676
12468664
11473288
1175583
3524462
150461
3045972
3025401
3503446
12625994
13169258
8890745
5596084
7868607
11761727
10536069
8857686
1345054
9661184
11834737
12957886
11149628
212586
1731791
3749519
10481150
177574
16814
3356032
6974039
13554270
12843009
13541890
2343915
77
5119106
62531
13500306
8588236
6191589
13449984
119583
13012762
3393130
1561452
344336
5
4295655
7325622
13550099
8656817
6387308
13550303
5856
2318160
2526231
5962165
6120
55475
2613270
1480453
3577608
9006161
7799192
30911
10342369
1451
12351003
5454444
208534
499580
969
11544680
7113695
4411031
2944301
8377360
79764
7375084
12828554
14602
3855474
8683858
272894
1292427
4075571
6055003
11545354
93413
11876257
10255185
2328792
430778
8979396
860
12107425
3421829
6354770
8771181
43297
55125
0
8990919
13340841
5037781
6114538
3680235
12929359
6028774
1281041
1901931
7616651
8277881
2477832
651
7526897
85790
2379148
4557204
5469255
179673
13550773
1140009
10346825
122483
93022
382664
8895
10558465
12070837
855333
6292559
1011920
13396964
5259220
541758
723718
2891888
11396505
12826786
10904180
7804617
5916386
10406395
10919168
12670729
894080
60476
1382354
6071651
2250244
4931926
13327717
1748225
231837
299409
1490698
13554270
3542185
1708218
2391833
13285328
11029906
11088122
903779
10747706
4088067
2323935
6739783
14866
3878418
306552
8820947
959697
1651408
8535094
2280803
13009
192062
1051591
5731430
770798
3979022
5578493
24302
37177
9566064
12749307
1946401
9394011
689770
257987
1393608
9706597
13551723
3705427
2115207
13557993
4698025
1589095
9367135
13809
4368788
8990559
30634
11754822
6086335
3764090
5534771
1177835
9065425
13268
12794946
1293695
3590259
12022
10974045
12733938
6039327
489868
11891370
651
8056010
533354
537644
0
5805309
12671707
13496895
2115335
1092020
1924099
2998877
6974039
257903
3278414
7879988
4670787
1288061
1239268
7755657
1126572
19183
10873609
1404448
5130310
6968
473273
2719232
2482917
12882434
1874
13344014
5805309
832013
428018
9367135
9193387
110538
13419784
546131
852669
2150832
13518494
384815
4580529
12836478
10594944
103
6477757
1711307
3979402
2143330
483524
7522513
10876154
96705
13550634
2690712
12304601
2148988
139278
14991
13257348
12156520
13541890
3
2706935
827058
6643289
9956
480375
6455469
8742913
798012
5714784
71735
10659529
4165
3406756
8614629
7595921
4945615
1148776
5949257
7317362
485
5204956
1988342
20798
4628392
1038752
4223131
539529
6861375
245254
3862080
11617228
309
1995
12637991
90988
8680874
315301
5777294
6225990
4879361
13164830
268807
1610751
1016823
46051
11050713
1025133
3590259
8234831
1107839
2192209
8641654
4240
13053507
2390163
8865151
4390736
3421044
9768074
13385374
1711307
13189850
11467017
1584880
12118408
340430
338074
243716
1210614
13235006
2222151
237115
59547
13198184
2467511
7975
10326324
8029126
71272
176508
2979719
1892909
13260144
5469255
3
8001054
13219
61872
121629
4446545
3601219
12773101
11239244
12380846
13399423
881588
13225127
12609189
13558634
2192209
13540368
9339
13273854
273321
606613
12533483
396900
12153906
11793701
3831209
1045679
1189338
11664609
273321
8959661
2127
7585340
13253085
1688932
998449
4
11582706
91985
10204265
106739
157732
12476718
856529
7207473
1405765
115319
537239
3336914
1979288
2193486
485902
8588236
13473854
10762997
12272232
134310
34332
2275530
3087342
7099703
512
5135
13451582
13195256
124022
66397
7711153
2420662
9727645
1612257
444150
40435
106777
20093
11308386
7910708
1065708
6337894
341257
11895255
12848
13413275
698577
10743120
662582
12412872
6647714
13503023
312215
1
3297446
7566663
942181
45649
65837
2488787
1386457
2899115
6166722
13328345
12568692
895256
12401196
167682
5135
604993
2301875
867192
66402
749331
12998713
9999632
8558555
9448313
5204956
9875284
6983182
956
12562040
7994356
4247604
12330918
103397
10960175
10913578
12688556
3820536
1834141
4936742
6251305
7217255
490463
10954620
2420662
12586047
2556018
11457050
175659
1492057
9543055
303
5330641
10009627
13298216
13128290
8771181
3256163
48299
9307692
97672
179588
5
12964631
13113190
12608379
395798
1672781
13556569
2130
5212050
8781634
1638552
5454444
12185380
13090580
10589345
3629505
125207
8469466
351756
13379269
419642
2576468
862222
7489449
8035487
12595408
10643519
5415927
5984994
7966282
7115204
13281093
6274231
3235353
4453876
4747210
1281041
427574
10298441
0
9095943
399540
10219503
3229998
3452176
89097
7217203
12987919
8967868
7464004
11215789
1789244
10971352
3212755
7553989
60162
544516
10514263
12484901
8059710
10467
12993081
484454
12457
6558695
5815
4211566
11248896
90988
3416366
2837561
450611
2252
153
4129698
4990933
13403989
6085662
695364
6255
900233
10974094
2723024
825362
104045
584449
13181493
9075522
12352057
20798
3612345
1140896
7389
11597255
13491779
51082
5330641
2940674
11582706
7461803
2127
13190543
13218535
9294186
20687
9938060
8990559
8311476
175659
9448350
145345
68270
2084515
2290400
8290050
1842757
4781665
11544680
11538265
13204191
4197428
5033284
9671194
4628603
9505432
7354180
13551215
5815
3480783
11582135
634800
13207224
9737020
8874542
172471
4920739
1166959
1201
13396488
6792522
9056588
11112
12803722
3416366
13542185
11986309
13510149
11444122
546131
12372308
5087863
779193
9606667
7290100
544852
10137936
6719757
439134
3195436
933943
179588
9990056
5212050
7958178
13460638
179673
1525097
825362
12813955
105446
324509
12226752
12230661
2070670
3542185
8614629
6225990
4422140
7759298
4214485
9663648
11059480
1094496
1468813
5792704
5417
719
76683
986622
13332835
12425974
2711496
3612345
2032107
9681651
2321576
11381247
12780214
3932696
2884391
9333402
6857905
6932558
2028405
118987
153968
8967868
7138988
728480
13268
6932558
13540563
863985
6469583
76639
617124
942
194422
394549
0
3957513
13533832
128257
2043542
8328206
2650440
13522553
7401854
8979172
5962165
11016124
10282168
478055
11444122
13150004
2003
3369072
1979558
1215751
13287879
210673
637303
13557348
708
12810
136
12832081
26804
12142110
606613
11725327
9140084
29634
12748470
2206010
16613
476404
1013144
948488
10481445
12164258
13108029
13435312
7851868
8990559
3740398
5984994
2200691
17191
11671186
1718961
66397
1283695
12257104
1712
2374974
4228534
4593441
421182
47570
10896124
5896344
4183955
13021341
385627
56333
123870
10315552
8988790
236083
137898
1737880
13460638
1320957
5365122
10051514
1408
3462745
206657
2872930
4600798
12541661
11440377
2262202
8425829
6308635
9561165
13086064
6634988
667
13549157
5924987
118819
526466
3685576
5812260
8575293
11274980
4956655
12540
115319
10074519
1007095
8181159
6944761
6718647
18576
116
233845
22075
12554066
13478607
7740203
3900956
13503023
150179
13162925
11433449
427574
10481445
979640
92545
9539939
12294024
170962
10243453
3233217
770798
12200515
387995
6817457
96705
4281169
48202
11938149
3960893
11221158
230313
2714
3815563
31945
384562
1901737
5246732
2524780
113761
1336623
646129
9470614
495
1142213
10073989
55
91985
846273
13381306
7994356
9479417
7183464
5466281
1007147
5728
1
2634714
2744017
1207511
407927
9824342
9924947
13136438
7115204
897331
2279
612068
13529614
17651
10929460
302562
2226562
11948409
182852
11384288
6892287
13451582
11718298
17990
6527144
346331
10386615
3345406
8641654
517428
682849
17959
4959677
5405803
459780
7354180
12864699
1070470
5792704
2936823
13432865
4628603
7001433
1209367
12048010
13518494
2909202
13540563
12864670
9539939
12999163
13486668
96705
1546609
58711
308709
582676
8685195
803072
2905364
6719757
46333
268807
11020944
4464968
1979558
5578493
13222586
916900
131259
6857905
2413782
7695784
5487643
12579812
2762909
11558606
5661160
2219209
7343260
61333
13557348
2599686
9517829
954746
46082
115530
1678
380
9380819
3689453
9123559
49245
8807761
39307
13231268
4165
11248462
2168233
13446292
707669
11635477
1046480
13502746
11130843
13342331
2807127
544852
33128
1815716
2017676
13366250
584014
13351437
15773
30911
46454
12562040
392153
13246006
12380846
33887
389819
150200
878214
13549839
5993048
12341462
13390989
10378476
8261747
3966743
578590
11873240
2756860
1574132
1448281
2910628
13489255
14345
1
2805202
13565053
2017676
161313
10643519
13550520
12330918
10747706
1445910
4349367
3833990
565612
2262202
9807399
3705427
287854
6362096
2835763
7310410
146201
9367135
943514
273321
372704
2690775
4796138
828581
299409
6852790
757623
7884241
4030733
92617
5628278
7544362
35334
11592817
10432
5636028
11956789
10652313
12388309
1038752
12480485
6411901
982792
9549074
2611924
10529910
175709
609838
4349367
190777
11556951
923761
8225741
1281041
13036792
485
13550817
2796949
13036135
446623
470786
134594
91808
671449
7899
4411031
9121973
8656817
13011656
3477941
2114756
6
74468
11122256
8343532
736706
414
1529555
13143069
11744164
13289139
11770393
35370
26804
7159820
1356
2570874
417013
12275682
4051393
9456660
1305954
364153
5262847
528106
23341
2153080
1872713
11274980
608238
1295379
2189
12652524
565612
870515
425985
2064647
11985796
3165601
6060561
4924321
2602901
4616337
1404448
4946044
4
6269484
1688932
3354766
2505032
9027508
210673
5952575
153
6657167
880172
13504864
13361795
6734238
13158245
12585718
13554028
13235006
620490
3456798
38458
866063
2615629
1369570
52911
13383057
13515408
37177
8261545
28534
0
1126009
411158
139349
12877002
3895920
451640
13436682
10298
3007063
2762909
11973299
552499
984471
3304368
6065189
750841
351756
13469998
192249
1714994
5253550
134172
120909
1195417
4360957
6362096
8380126
202777
2634714
1597307
8029641
3632893
10192326
1029772
8757185
856529
5081635
5272
1600984
478206
1009941
239407
7429563
13028772
6398
7310333
12534896
2853605
7783426
2865927
11467017
1347128
13404943
1960477
1387819
8683858
2719232
6354770
10560422
13515493
13472336
12794946
13554270
11295680
2121721
6397952
835803
12014449
8525486
0
3764090
12940298
4321430
10671528
505961
2288911
33238
7585340
978465
497515
1174554
10527696
359043
45277
12881588
13377172
74324
7808550
9113977
9565157
1531533
9692338
9083133
13412002
6225732
407401
5915843
3165601
10919168
82473
387
8038082
10428053
1549459
2445649
106777
13489338
11304732
5831922
457793
8768737
8880267
1166959
11446111
6760452
12703123
1532
10987505
585118
13544331
8915605
7138988
1055358
6074314
13497408
9403670
8563556
2115335
44381
11304732
856429
384815
5661160
3406816
1901471
13546999
8497254
5740900
1380180
4336039
2000626
5854788
7174238
946744
434080
658726
866063
4288182
8313489
7231789
8924850
1282400
10194686
8252492
11924422
201632
84637
3788576
5355879
13173505
2418075
6601413
2690712
2998877
12341462
11795496
12231867
206107
758541
38900
918356
440451
8201607
6102304
991881
2210514
13255674
13505603
6455002
173063
430286
0
10427193
1803146
9696739
6815348
77768
178198
119583
11582706
78901
13098739
114323
12590481
1046480
7315435
1653198
779398
34332
13510107
1946388
12813229
61430
13321639
7827180
8796223
1281041
10112268
532631
4896931
5924987
4997562
36083
3942000
9517829
1110368
30911
5896344
3542185
13413275
1352055
3041636
5074998
13540838
76622
507214
10842172
13367740
7001307
5596084
1
7384511
320882
13375957
3371820
10865522
1826472
7686192
418141
4592615
12079754
13304199
12505337
1206113
25317
12716302
7726455
8797609
4423005
7384511
1004008
1589825
13403989
11690502
647913
10589345
9631688
13082327
11644855
4064661
5934084
5415803
165131
467
122483
13549241
2360298
39998
11684632
9601848
26804
5875242
5275979
327297
13307084
12452419
13528578
744952
3127740
12764757
2200691
5636028
2828988
12915536
13083860
294361
1345054
12246272
4520
11461674
2834486
28458
2688797
10376
13458184
668063
2948667
9478488
12164258
13261625
3402351
332519
4424739
6009477
213900
175709
11365779
6558
1047504
170720
2424778
8685195
13080691
2820637
9218177
2499273
5405803
10353915
13486668
25899
1125
5736335
11969390
66402
39307
174
738859
1534817
1102395
11829332
9468369
9955118
12274199
4146852
6512292
13511356
12926806
13550815
7840394
13428526
144643
3127740
12512673
12724730
13395131
2656003
1299578
5509079
1531533
13518305
165331
388156
546131
9565157
8399883
21696
8094545
3465422
6152788
230756
6909260
9040
41746
5325818
16027
824355
3587540
12811694
5966
12142110
11418455
828061
397409
10780761
8945125
22752
7079561
355460
150880
40482
13136438
9840166
11769224
868042
272083
0
591645
4171750
3954739
13929
3124622
673261
8082883
12929137
4976695
11407457
2211206
813006
98278
159701
96705
8633025
5796134
172471
13547862
13261625
261
11224227
6852790
12685170
4
11357489
13190078
1834381
13008959
12808086
1107702
5997
2290400
1802151
4252653
8448196
13321538
2438615
113235
469048
784
624150
10946141
9868014
4048567
862222
325184
19941
8277881
3941967
296433
177056
8685195
3165
12463597
12656398
5637544
529916
8001054
1468258
681982
1379182
50205
10481445
6634988
22202
851009
3436196
9027508
493910
3670445
5078080
1682591
392153
3657013
7783426
183405
7543529
175552
906670
12156445
13266266
242544
382583
3471
4301567
252748
6477757
13551462
116
305984
1115325
602337
12436529
1711307
600
1700828
11488413
12457
3901168
47239
1138
10603783
10300355
4766
10229202
32555
10042605
11110235
5
524874
4099445
1988342
8949196
13522400
6643289
6489961
3237160
1389058
54277
3147
1621098
13459527
13050320
1928103
9735913
2405338
621356
218539
5041224
841451
2677
4543778
2615629
7378702
13428526
13065560
3090014
6159448
11854883
2741462
19593
7012846
65223
12147894
7375084
10920451
13113190
10348569
712607
13544775
4812881
1041882
4646596
3328138
12437421
4621670
13029219
4838227
6545914
3777
2115207
7285782
55375
47719
3016006
10065134
1025
11093647
14755
505040
100483
8094815
3461279
26
1719218
7920104
13198184
812
5931936
6832878
10974094
21168
6984396
5355879
12253843
0
1107702
44381
104138
1501209
10190330
37657
212132
6739783
7429563
339
1
10770272
13274252
13352395
795029
470220
13158180
13235006
2003
12579812
12969257
627985
3622646
51360
899001
7192306
62318
450918
10905
400395
10544584
1185610
3322414
103536
12710608
13093896
5792704
6511257
181238
262
7028162
10334799
6261041
662582
37
9802040
12233
13067369
243585
1594781
3642924
95316
9600618
897331
10944450
11671732
13518209
1944260
411158
230756
12253843
331769
382
1025133
13381306
10852044
6337894
10044029
2563464
385961
279134
4464601
5074998
13452950
10960175
509
1265207
13028772
5100973
617635
2345032
22545
2633127
32505
13549241
9739856
11683191
3267353
11921390
3124622
2280803
331769
13049480
36083
13408961
986622
13233553
3277835
9610460
3954739
10697412
2680643
873884
633548
4687977
500914
12739954
3304368
162907
76622
346331
10997451
4731306
0
24742
1007977
1682591
9340954
247809
3176
2680643
13493106
11740
203539
4924321
37501
12437723
10560422
629400
9196729
4228534
5993048
9330401
5984994
6582061
124675
1485727
6877751
5726052
413705
8744402
6669684
125207
1154275
13473854
46321
9910197
7113785
2033754
770798
8023
71272
25349
7544362
615265
3127740
12235983
10669
8730401
13253085
5396841
4857201
11823193
90881
9585971
13428526
8211899
233845
5428850
5129588
4890939
470220
11740
341257
443054
13298660
12412872
8545626
306552
187214
12676412
12379387
192683
8380126
78901
14444
2858987
5055928
1016823
9118096
12723259
1904223
269766
30765
440451
12965595
11276011
928503
2199395
11488413
119446
11401907
12042106
211273
11371471
1197545
12717770
1339995
44228
9702737
4168951
12885324
12624617
1895697
61430
11765418
13460638
11418455
12716302
11160848
6877751
12173130
7851868
5508
277
1578
13302714
13208866
10378476
1047504
11802529
9251920
13514464
12544311
13541890
7920104
469048
13263130
770798
162907
13085279
1144145
13486116
11444122
15897
1725265
305984
1009941
192083
11085214
2193486
4698025
12295666
12935002
70178
10
7384511
1490075
808457
236447
473569
4831740
13486668
13423836
4852500
9039344
10170832
13504272
380051
11948409
11122256
1391
48622
12244743
12733143
11600821
4240
397409
12190064
1795252
8123487
13239705
3465422
150200
0
440627
7543529
3642924
8
13510107
111695
2533460
6950667
13300665
11095457
1555222
779398
281565
62318
432554
8564918
1794962
4070697
8153911
8846095
1698102
4045422
10133456
2857265
2454333
2732767
4211566
10586008
5153285
128413
31218
9340954
12993081
1901471
6455469
358299
3029759
819767
12764757
12608605
9949649
1358383
713578
5081635
33012
8718114
9566064
11748935
714
7997597
4854998
1143504
9566064
1602714
53269
13231268
6293011
234857
2527103
2601
53943
4741
5428850
17959
11417363
301831
11511851
1028432
9747115
12946693
5838610
1844501
819237
4228534
57413
11556951
71909
67023
2019067
6988941
921385
5821338
2020887
1126001
7012972
3843936
4282434
9315666
5977894
14219
9307692
1339995
12465456
48
9456512
6634488
686817
948287
11325030
11842159
6128055
12167
12130604
7062603
539997
13080691
10085939
12857266
51051
6123584
1450659
119583
77
11295680
559436
1223526
13503285
7231789
6827484
4168951
8061208
3186136
3788576
11285126
1693997
42951
7571537
79197
382583
2158934
83625
6281320
3921439
887423
13435312
2772705
15530
577686
10348569
4786749
108
2332
300075
1615116
2976930
13540140
388651
13381306
1189338
180181
10013644
1738654
10816575
206107
8551671
7282133
1406844
1769262
6950667
6480
5100973
2652695
4345921
13006522
15639
1953470
373773
10260771
6469583
1579598
1825766
13374283
2383291
2002
12811694
7582479
13551723
2841937
28749
11457050
8945125
10376
156284
8915367
24437
32224
12366
12226752
13550303
1009941
88280
48
4397039
10101301
578057
13469747
13234483
1463846
4422140
349612
136535
1814356
2049793
1531197
266096
432
11671186
7827180
517310
6957693
310024
10137654
12926000
10099550
1109240
11268335
5085608
13473070
9749954
643259
1211
304896
3719244
46321
769853
1676761
9339182
1587231
328505
271750
1742
9339
7052155
242754
7525234
1340744
860875
1560387
6337894
1821338
11707452
595194
1823553
0
7752835
233081
74324
13537704
5196991
4875
1123766
1198818
9651627
8361987
7979948
5428850
10304263
777396
3794003
11912739
8211899
13555339
11299595
11664609
6669684
119446
650503
3545602
41505
726247
747297
5253165
2929102
380084
2050907
7558
37657
134594
6755893
8683858
23341
12840064
11587079
23277
13410091
3806507
6888689
10762997
150
9356182
10209228
7060975
13550114
9606973
9293980
8683858
3845795
10517758
4518709
4500
5221
5171156
4562395
1431524
727525
3456798
7217203
5453418
2096784
4182727
331938
10590538
10932432
1594781
11728094
1503205
4737897
1452555
7260244
67143
3480783
4621670
986551
13495275
177056
10065134
5094950
9341566
905207
7342427
12843009
1396815
11534276
8345
1267355
91512
361292
13476558
2106981
2413782
2711496
7848166
6208163
9929429
7489449
13410091
11246091
56
4237682
860
12788336
4198758
30173
183405
1746763
1674484
530976
163898
983
1480453
13550074
3354766
13560424
1702350
7716636
7192306
590959
11215936
2704641
881588
10102007
6872213
1325979
442987
5361
633060
12782389
11378471
127007
14507
927690
8159339
7
13179534
4389644
1676761
13479710
8717719
7215143
8752
2263510
7317362
496737
665708
17468
5453418
4557204
772676
152324
34254
497515
100471
10939973
5752870
814017
1431524
6375243
5043414
3175777
6710501
1211
18129
79197
10704291
6281320
3254437
3687355
526466
593186
130944
12813955
12973884
53546
9974062
11417363
8959661
10643519
9868014
10762785
7640696
4256
969458
33545
